0 0.45078125 0.74140625 0.1046875 0.74140625 0.1046875 0.1265625 0.45078125 0.1265625
0 0.84765625 0.86015625 0.1203125 0.86015625 0.1203125 0.1421875 0.84765625 0.1421875
0 0.94765625 0.8921875 0.1015625 0.8921875 0.1015625 0.1375 0.94765625 0.1375
0 0.7703125 0.08828125 0.10625 0.08828125 0.10625 0.1421875 0.7703125 0.1421875
0 0.35703125 0.7109375 0.0984375 0.7109375 0.0984375 0.1125 0.35703125 0.1125
0 0.9078125 0.3515625 0.109375 0.3515625 0.109375 0.175 0.9078125 0.175
0 0.64296875 0.5234375 0.1296875 0.5234375 0.1296875 0.184375 0.64296875 0.184375
0 0.92265625 0.6171875 0.1109375 0.6171875 0.1109375 0.153125 0.92265625 0.153125
0 0.65546875 0.796875 0.1171875 0.796875 0.1171875 0.146875 0.65546875 0.146875
0 0.9484375 0.14921875 0.103125 0.14921875 0.103125 0.1546875 0.9484375 0.1546875
0 0.15234375 0.3765625 0.1203125 0.3765625 0.1203125 0.175 0.15234375 0.175
0 0.82265625 0.5796875 0.1328125 0.5796875 0.1328125 0.134375 0.82265625 0.134375
0 0.0703125 0.0765625 0.1375 0.0765625 0.1375 0.15 0.0703125 0.15
0 0.5390625 0.496875 0.13125 0.496875 0.13125 0.1625 0.5390625 0.1625
0 0.35 0.43125 0.13125 0.43125 0.13125 0.159375 0.35 0.159375
0 0.55078125 0.77890625 0.1046875 0.77890625 0.1046875 0.1265625 0.55078125 0.1265625
0 0.678125 0.0578125 0.096875 0.0578125 0.096875 0.1125 0.678125 0.1125
0 0.2671875 0.68359375 0.090625 0.68359375 0.090625 0.1171875 0.2671875 0.1171875
0 0.1765625 0.63671875 0.103125 0.63671875 0.103125 0.1109375 0.1765625 0.1109375
0 0.81640625 0.33046875 0.1140625 0.33046875 0.1140625 0.1828125 0.81640625 0.1828125
0 0.62578125 0.26015625 0.1015625 0.26015625 0.1015625 0.1734375 0.62578125 0.1734375
0 0.71875 0.27578125 0.115625 0.27578125 0.115625 0.1734375 0.71875 0.1734375
0 0.05078125 0.34296875 0.0984375 0.34296875 0.0984375 0.1546875 0.05078125 0.1546875
0 0.246875 0.3984375 0.103125 0.3984375 0.103125 0.1625 0.246875 0.1625
0 0.1765625 0.10234375 0.121875 0.10234375 0.121875 0.1734375 0.1765625 0.1734375
0 0.44296875 0.4609375 0.1140625 0.4609375 0.1140625 0.165625 0.44296875 0.165625
0 0.86015625 0.121875 0.0984375 0.121875 0.0984375 0.13125 0.86015625 0.13125
0 0.53828125 0.2234375 0.1328125 0.2234375 0.1328125 0.18125 0.53828125 0.18125
0 0.5875 0.05234375 0.115625 0.05234375 0.115625 0.1015625 0.5875 0.1015625
0 0.27421875 0.134375 0.1203125 0.134375 0.1203125 0.159375 0.27421875 0.159375
0 0.7515625 0.834375 0.09375 0.834375 0.09375 0.1125 0.7515625 0.1125
0 0.9765625 0.38203125 0.046875 0.38203125 0.046875 0.1796875 0.9765625 0.1796875
0 0.98046875 0.65 0.0390625 0.65 0.0390625 0.175 0.98046875 0.175
0 0.4390625 0.19609375 0.103125 0.19609375 0.103125 0.1609375 0.4390625 0.1609375
2 0.659375 0.9796875 0.1375 0.9796875 0.1375 0.0375 0.659375 0.0375
0 0.35 0.1609375 0.121875 0.1609375 0.121875 0.165625 0.35 0.165625
0 0.39609375 0.02421875 0.1140625 0.02421875 0.1140625 0.0453125 0.39609375 0.0453125
0 0.0125 0.05859375 0.021875 0.05859375 0.021875 0.1140625 0.0125 0.1140625
0 0.98515625 0.64375 0.0296875 0.64375 0.0296875 0.15625 0.98515625 0.15625
0 0.7421875 0.553125 0.046875 0.553125 0.046875 0.065625 0.7421875 0.065625
