0 0.77734375 0.63359375 0.1140625 0.63359375 0.1140625 0.1640625 0.77734375 0.1640625
0 0.06484375 0.3890625 0.1046875 0.3890625 0.1046875 0.146875 0.06484375 0.146875
0 0.740625 0.11796875 0.1125 0.11796875 0.1125 0.1640625 0.740625 0.1640625
0 0.72265625 0.34921875 0.1203125 0.34921875 0.1203125 0.1546875 0.72265625 0.1546875
0 0.92265625 0.41328125 0.1140625 0.41328125 0.1140625 0.1578125 0.92265625 0.1578125
0 0.93046875 0.17421875 0.1234375 0.17421875 0.1234375 0.1640625 0.93046875 0.1640625
0 0.42734375 0.515625 0.1046875 0.515625 0.1046875 0.1375 0.42734375 0.1375
0 0.88203125 0.65234375 0.1046875 0.65234375 0.1046875 0.1515625 0.88203125 0.1515625
0 0.34453125 0.0390625 0.1265625 0.0390625 0.1265625 0.075 0.34453125 0.075
0 0.70703125 0.83046875 0.1390625 0.83046875 0.1390625 0.1734375 0.70703125 0.1734375
0 0.9609375 0.92265625 0.078125 0.92265625 0.078125 0.1484375 0.9609375 0.1484375
0 0.26640625 0.66796875 0.1171875 0.66796875 0.1171875 0.1328125 0.26640625 0.1328125
0 0.95546875 0.69296875 0.0890625 0.69296875 0.0890625 0.1765625 0.95546875 0.1765625
0 0.62265625 0.565625 0.1171875 0.565625 0.1171875 0.159375 0.62265625 0.159375
0 0.82421875 0.38046875 0.1046875 0.38046875 0.1046875 0.1515625 0.82421875 0.1515625
0 0.52265625 0.77109375 0.1203125 0.77109375 0.1203125 0.1328125 0.52265625 0.1328125
0 0.06640625 0.1296875 0.1140625 0.1296875 0.1140625 0.146875 0.06640625 0.146875
0 0.21875 0.9015625 0.11875 0.9015625 0.11875 0.153125 0.21875 0.153125
0 0.365625 0.21640625 0.121875 0.21640625 0.121875 0.1359375 0.365625 0.1359375
0 0.8125 0.875 0.109375 0.875 0.109375 0.15 0.8125 0.15
0 0.54296875 0.28359375 0.1046875 0.28359375 0.1046875 0.1515625 0.54296875 0.1515625
0 0.3171875 0.92578125 0.1 0.92578125 0.1 0.1265625 0.3171875 0.1265625
0 0.8265625 0.14921875 0.103125 0.14921875 0.103125 0.1765625 0.8265625 0.1765625
0 0.55625 0.0625 0.096875 0.0625 0.096875 0.121875 0.55625 0.121875
0 0.45859375 0.05546875 0.1234375 0.05546875 0.1234375 0.1078125 0.45859375 0.1078125
0 0.05078125 0.82578125 0.0984375 0.82578125 0.0984375 0.1484375 0.05078125 0.1484375
0 0.634375 0.0984375 0.11875 0.0984375 0.11875 0.134375 0.634375 0.134375
0 0.3453125 0.48359375 0.10625 0.48359375 0.10625 0.1359375 0.3453125 0.1359375
0 0.9765625 0.43828125 0.046875 0.43828125 0.046875 0.1578125 0.9765625 0.1578125
0 0.265625 0.1859375 0.109375 0.1859375 0.109375 0.14375 0.265625 0.14375
0 0.4984375 0.959375 0.078125 0.959375 0.078125 0.078125 0.4984375 0.078125
0 0.4078125 0.940625 0.1125 0.940625 0.1125 0.115625 0.4078125 0.115625
0 0.2546875 0.453125 0.109375 0.453125 0.109375 0.146875 0.2546875 0.146875
0 0.01796875 0.59140625 0.0328125 0.59140625 0.0328125 0.1296875 0.01796875 0.1296875
0 0.25078125 0.028125 0.1171875 0.028125 0.1171875 0.053125 0.25078125 0.053125
0 0.13125 0.86796875 0.096875 0.86796875 0.096875 0.1453125 0.13125 0.1453125
0 0.1671875 0.6484375 0.103125 0.6484375 0.103125 0.159375 0.1671875 0.159375
0 0.8875 0.8984375 0.090625 0.8984375 0.090625 0.14375 0.8875 0.14375
0 0.62265625 0.8109375 0.1171875 0.8109375 0.1171875 0.16875 0.62265625 0.16875
0 0.9765625 0.21015625 0.04375 0.21015625 0.04375 0.1734375 0.9765625 0.1734375
0 0.63125 0.3109375 0.096875 0.3109375 0.096875 0.15 0.63125 0.15
0 0.68359375 0.98515625 0.0859375 0.98515625 0.0859375 0.0296875 0.68359375 0.0296875
0 0.43828125 0.74609375 0.1046875 0.74609375 0.1046875 0.1390625 0.43828125 0.1390625
0 0.36484375 0.70859375 0.0984375 0.70859375 0.0984375 0.1171875 0.36484375 0.1171875
0 0.16328125 0.42109375 0.1171875 0.42109375 0.1171875 0.1484375 0.16328125 0.1484375
0 0.51953125 0.540625 0.1171875 0.540625 0.1171875 0.146875 0.51953125 0.146875
0 0.95703125 0.0203125 0.0859375 0.0203125 0.0859375 0.0375 0.95703125 0.0375
0 0.4515625 0.2484375 0.10625 0.2484375 0.10625 0.159375 0.4515625 0.159375
0 0.175 0.15625 0.11875 0.15625 0.11875 0.1375 0.175 0.1375
