1 0.572265625 0.80126953125 0.177734375 0.1416015625
1 0.5732421875 0.7099609375 0.2353515625 0.154296875
3 0.572265625 0.61376953125 0.193359375 0.0830078125
1 0.57568359375 0.53857421875 0.22265625 0.1318359375
1 0.5830078125 0.44091796875 0.2158203125 0.1376953125
1 0.57080078125 0.26953125 0.19140625 0.2099609375
1 0.5458984375 0.0966796875 0.2216796875 0.134765625
1 0.5751953125 0.0478515625 0.2099609375 0.0908203125
1 0.3369140625 0.9462890625 0.232421875 0.103515625
1 0.32861328125 0.84521484375 0.193359375 0.12109375
1 0.33642578125 0.7685546875 0.2451171875 0.140625
1 0.32373046875 0.68603515625 0.193359375 0.064453125
3 0.33154296875 0.62841796875 0.193359375 0.078125
1 0.33544921875 0.548828125 0.2197265625 0.125
1 0.3349609375 0.443359375 0.1953125 0.083984375
1 0.32568359375 0.36572265625 0.24609375 0.1640625
1 0.31494140625 0.2265625 0.224609375 0.146484375
1 0.3388671875 0.126953125 0.2294921875 0.1240234375
1 0.3427734375 0.044921875 0.171875 0.0654296875
1 0.09228515625 0.9404296875 0.1806640625 0.11328125
1 0.107421875 0.818359375 0.1982421875 0.1494140625
1 0.08984375 0.6982421875 0.1767578125 0.1083984375
1 0.1025390625 0.6171875 0.1982421875 0.1689453125
1 0.1142578125 0.4853515625 0.205078125 0.1201171875
1 0.09423828125 0.08154296875 0.181640625 0.115234375
1 0.10888671875 0.18115234375 0.2158203125 0.0986328125
1 0.1103515625 0.27001953125 0.2138671875 0.134765625
1 0.1123046875 0.3798828125 0.201171875 0.0947265625
1 0.8251953125 0.0595703125 0.2373046875 0.09765625
1 0.8125 0.12353515625 0.2255859375 0.0810546875
1 0.81298828125 0.220703125 0.25 0.1201171875
1 0.8125 0.2978515625 0.25390625 0.1259765625
1 0.81591796875 0.90771484375 0.24609375 0.14453125
1 0.826171875 0.7958984375 0.255859375 0.1298828125
1 0.82177734375 0.41357421875 0.2802734375 0.13671875
1 0.81689453125 0.48291015625 0.26171875 0.125
1 0.82666015625 0.6220703125 0.2763671875 0.16015625
1 0.8349609375 0.9833984375 0.25390625 0.0283203125
2 0.572265625 0.94384765625 0.16015625 0.1103515625