3 0.25830078125 0.72021484375 0.224609375 0.2099609375
2 0.48876953125 0.92431640625 0.1083984375 0.1015625
2 0.4951171875 0.4951171875 0.07421875 0.072265625
2 0.4990234375 0.5556640625 0.0693359375 0.046875
2 0.26416015625 0.8701171875 0.0947265625 0.1015625
3 0.77587890625 0.22998046875 0.205078125 0.201171875
1 0.27392578125 0.29541015625 0.2373046875 0.1083984375
1 0.27734375 0.19384765625 0.220703125 0.111328125
1 0.314453125 0.07470703125 0.1796875 0.1376953125
1 0.5302734375 0.052734375 0.244140625 0.103515625
1 0.51708984375 0.1328125 0.2216796875 0.064453125
1 0.52294921875 0.19384765625 0.271484375 0.08203125
1 0.50927734375 0.27734375 0.2216796875 0.103515625
1 0.5166015625 0.41650390625 0.2353515625 0.16015625
3 0.4853515625 0.76904296875 0.201171875 0.154296875
1 0.490234375 0.638671875 0.2294921875 0.1162109375
1 0.07763671875 0.0625 0.15234375 0.1201171875
0 0.06640625 0.16845703125 0.1279296875 0.087890625
1 0.0830078125 0.39404296875 0.1650390625 0.146484375
1 0.13134765625 0.6171875 0.01171875 0.0048828125
3 0.064453125 0.73388671875 0.1279296875 0.1396484375
1 0.26806640625 0.95849609375 0.2470703125 0.0810546875
3 0.728515625 0.95068359375 0.2587890625 0.0966796875
1 0.75732421875 0.8486328125 0.2587890625 0.1357421875
1 0.73876953125 0.75341796875 0.2607421875 0.115234375
1 0.76806640625 0.0634765625 0.2216796875 0.123046875
1 0.767578125 0.41748046875 0.2138671875 0.1796875
1 0.7470703125 0.56591796875 0.2421875 0.1259765625
1 0.9306640625 0.06640625 0.13671875 0.123046875
1 0.93505859375 0.16162109375 0.1279296875 0.1064453125
1 0.93701171875 0.27294921875 0.1240234375 0.1357421875
1 0.9345703125 0.36669921875 0.12890625 0.134765625
1 0.9384765625 0.51416015625 0.12109375 0.1474609375
1 0.93359375 0.62109375 0.130859375 0.0966796875
3 0.9326171875 0.7001953125 0.1328125 0.1025390625
1 0.93212890625 0.81591796875 0.1279296875 0.142578125
1 0.94189453125 0.9404296875 0.1142578125 0.1142578125
1 0.06298828125 0.95166015625 0.1259765625 0.09375
2 0.04150390625 0.84130859375 0.0830078125 0.0751953125
1 0.0712890625 0.5517578125 0.142578125 0.1259765625
2 0.041015625 0.26708984375 0.08203125 0.1142578125
1 0.75341796875 0.6591796875 0.169921875 0.10546875
2 0.77880859375 0.6806640625 0.1044921875 0.0673828125
2 0.27783203125 0.41259765625 0.169921875 0.1904296875
2 0.26806640625 0.55859375 0.0546875 0.0693359375
2 0.50048828125 0.8427734375 0.0986328125 0.068359375