0 0.19921875 0.642578125 0.16015625 0.119140625
3 0.2041015625 0.7294921875 0.11328125 0.0849609375
1 0.20751953125 0.8076171875 0.1328125 0.1005859375
3 0.20361328125 0.88671875 0.12890625 0.1064453125
3 0.21044921875 0.931640625 0.12890625 0.08984375
1 0.20751953125 0.06787109375 0.1875 0.1259765625
1 0.21044921875 0.1552734375 0.181640625 0.142578125
1 0.208984375 0.23974609375 0.1689453125 0.138671875
1 0.1875 0.31396484375 0.1328125 0.0732421875
1 0.20068359375 0.38525390625 0.130859375 0.1103515625
1 0.1962890625 0.4716796875 0.177734375 0.1240234375
3 0.193359375 0.56005859375 0.1328125 0.099609375
1 0.4453125 0.0419921875 0.1640625 0.08203125
1 0.44580078125 0.11767578125 0.1669921875 0.1103515625
1 0.435546875 0.17822265625 0.1796875 0.1162109375
1 0.4501953125 0.2666015625 0.189453125 0.1318359375
1 0.44580078125 0.32177734375 0.189453125 0.1279296875
1 0.44921875 0.3896484375 0.18359375 0.1279296875
1 0.44775390625 0.447265625 0.1767578125 0.12109375
1 0.44677734375 0.51806640625 0.169921875 0.11328125
1 0.46044921875 0.5908203125 0.177734375 0.150390625
1 0.447265625 0.67333984375 0.1865234375 0.1474609375
1 0.44677734375 0.7314453125 0.16796875 0.1162109375
1 0.4453125 0.78564453125 0.16015625 0.115234375
1 0.45361328125 0.86572265625 0.158203125 0.099609375
1 0.45068359375 0.94189453125 0.1298828125 0.0888671875
1 0.671875 0.04248046875 0.166015625 0.08203125
1 0.6748046875 0.1083984375 0.16796875 0.125
1 0.67333984375 0.173828125 0.1533203125 0.1103515625
1 0.67041015625 0.24609375 0.1708984375 0.1328125
1 0.6630859375 0.32373046875 0.14453125 0.0751953125
1 0.67138671875 0.388671875 0.1484375 0.125
1 0.68212890625 0.46533203125 0.1572265625 0.12890625
1 0.6826171875 0.5517578125 0.1650390625 0.1318359375
1 0.68701171875 0.626953125 0.1630859375 0.111328125
1 0.677734375 0.69482421875 0.1748046875 0.138671875
1 0.67236328125 0.7890625 0.1669921875 0.125
1 0.6982421875 0.85302734375 0.16796875 0.1015625
1 0.68115234375 0.92822265625 0.158203125 0.1298828125
3 0.90966796875 0.0341796875 0.1044921875 0.0634765625
1 0.92578125 0.087890625 0.1015625 0.0908203125
3 0.908203125 0.16796875 0.0986328125 0.09375
3 0.9150390625 0.24951171875 0.0986328125 0.0986328125
3 0.9111328125 0.3271484375 0.0986328125 0.0810546875
3 0.919921875 0.41455078125 0.1201171875 0.1142578125
3 0.92578125 0.498046875 0.0830078125 0.0693359375
1 0.90771484375 0.5673828125 0.12109375 0.107421875
1 0.9072265625 0.6552734375 0.130859375 0.1044921875
3 0.91845703125 0.73681640625 0.1181640625 0.107421875
3 0.912109375 0.8056640625 0.109375 0.0849609375
3 0.92236328125 0.88623046875 0.1171875 0.107421875
3 0.9150390625 0.966796875 0.09375 0.0634765625